cam 0 0 100 -50 -50 0 50 -50 0 -50 50 0 50 50 0
ltp 0 0 500 1 1 1
mat 0.1 0.1 0.1 0.7 0.7 0.7 0.2 0.2 0.2 16 1 1 1
tri -100 100 -50 -100 -100 -50 100 -100 -50
tri -100 100 -50 100 100 -50 100 -100 -50
mat 0.1 0.1 0.1 1 0 0 0.2 0.2 0.2 16 0.1 0.1 0.1
tri -15 15 100 0 45 100 15 15 100
tri -15 15 100 -30 -25 100 0 -25 100
tri 15 15 100 0 -25 100 30 -25 100
xfr 0 0 180
tri -15 15 100 0 45 100 15 15 100
tri -15 15 100 -30 -25 100 0 -25 100
tri 15 15 100 0 -25 100 30 -25 100
xfz
mat 0 0 0 0.8 0 0 0.5 0.5 0.5 16 0.8 0.8 0.8
sph 30 30 0 10
sph -30 30 0 10
sph 30 -30 0 10
sph -30 -30 0 10